fit_lapicque coverage: 600 replicates per cell, seed 192, rheobase 20 uA; vacuous = upper end inf or > 1000x the lower, excluded from coverage
chronaxie widths (us) noise accepted withheld caveat vacuous reported coverage
       50 50-800         2%      600       19      0       0      581    0.985
       50 50-800         5%      600       18      0       0      582    0.966
       50 50-800        10%      576       20      0       0      556    0.951
       50 50-800        20%      500       29      0       6      465    0.955
       50 20-3200        2%      600        0      0       0      600    0.960
       50 20-3200        5%      584        2      0       0      582    0.923
       50 20-3200       10%      470        3      0       0      467    0.953
       50 20-3200       20%      405        1      0       0      404    0.918
       50 50-200         2%      600       13    587       0      587    0.956
       50 50-200         5%      600        9    591       0      591    0.981
       50 50-200        10%      599       24    572       3      572    0.986
       50 50-200        20%      582       26    425     131      425    0.976
       50 400-3200       2%      309      302      0       7        0        -
       50 400-3200       5%      316      292      0      24        0        -
       50 400-3200      10%      308      234      0      36       38    0.921
       50 400-3200      20%      302      134      0      55      113    0.699
       50 2000-8000      2%      305      299      0       6        0        -
       50 2000-8000      5%      295      276      0      19        0        -
       50 2000-8000     10%      289      229     34      26       34    0.147
       50 2000-8000     20%      324      141    131      52      131    0.145
      100 50-800         2%      600        0      0       0      600    0.945
      100 50-800         5%      600        0      0       0      600    0.955
      100 50-800        10%      600        0      0       0      600    0.943
      100 50-800        20%      593        0      0       3      590    0.959
      100 20-3200        2%      600        0      0       0      600    0.940
      100 20-3200        5%      600        0      0       0      600    0.950
      100 20-3200       10%      590        0      0       0      590    0.932
      100 20-3200       20%      536        1      0       0      535    0.923
      100 50-200         2%      600        0    600       0      600    0.947
      100 50-200         5%      600        0    600       0      600    0.968
      100 50-200        10%      600        0    560      40      560    0.941
      100 50-200        20%      569        6    376     187      376    0.926
      100 400-3200       2%      482      481      0       1        0        -
      100 400-3200       5%      363      350      0      12        1    1.000
      100 400-3200      10%      336      238      0      33       65    0.985
      100 400-3200      20%      323      153      0      41      129    0.891
      100 2000-8000      2%      289      283      0       6        0        -
      100 2000-8000      5%      325      294      1      30        1    1.000
      100 2000-8000     10%      289      226     35      28       35    0.514
      100 2000-8000     20%      300       98    138      64      138    0.391
      200 50-800         2%      600        0      0       0      600    0.945
      200 50-800         5%      600        0      0       0      600    0.950
      200 50-800        10%      600        0      0       0      600    0.970
      200 50-800        20%      599        1      0      11      587    0.957
      200 20-3200        2%      600        0      0       0      600    0.933
      200 20-3200        5%      600        0      0       0      600    0.940
      200 20-3200       10%      600        0      0       0      600    0.962
      200 20-3200       20%      599        0      0       0      599    0.937
      200 50-200         2%      600        0    600       0      600    0.950
      200 50-200         5%      600        0    591       9      591    0.956
      200 50-200        10%      570        0    420     150      420    0.921
      200 50-200        20%      499        0    260     239      260    0.873
      200 400-3200       2%      600      600      0       0        0        -
      200 400-3200       5%      575      539      0       0       36    1.000
      200 400-3200      10%      497      255      0       5      237    0.975
      200 400-3200      20%      413      110      0      34      269    0.944
      200 2000-8000      2%      316      309      0       7        0        -
      200 2000-8000      5%      309      287      3      19        3    1.000
      200 2000-8000     10%      315      240     43      32       43    0.837
      200 2000-8000     20%      294      116    123      55      123    0.634
      500 50-800         2%      600        0      0       0      600    0.958
      500 50-800         5%      600        0      0       0      600    0.955
      500 50-800        10%      600        0      0       3      597    0.956
      500 50-800        20%      561        0      0      71      490    0.945
      500 20-3200        2%      600        0      0       0      600    0.943
      500 20-3200        5%      600        0      0       0      600    0.963
      500 20-3200       10%      600        0      0       0      600    0.942
      500 20-3200       20%      600        0      0       2      598    0.943
      500 50-200         2%      600        0    594       6      594    0.943
      500 50-200         5%      561        0    384     177      384    0.930
      500 50-200        10%      465        0    226     239      226    0.881
      500 50-200        20%      385        1    137     247      137    0.730
      500 400-3200       2%      600        0      0       0      600    0.948
      500 400-3200       5%      600        0      0       0      600    0.943
      500 400-3200      10%      600        0      0       0      600    0.962
      500 400-3200      20%      587        9      0      41      537    0.963
      500 2000-8000      2%      545      545      0       0        0        -
      500 2000-8000      5%      448      435      5       8        5    1.000
      500 2000-8000     10%      364      258     86      20       86    1.000
      500 2000-8000     20%      328      118    152      58      152    0.941
